CODcens  at  General Mitchell Airport Sites @ Milwaukee WI  ( )
Number of observations:  88 
Distribution:  lognormal 
Method:  AMLE 
Degrees of freedom:  14 
RMSE:  0.5760906 
RSQ:  91.23241 
Number of censored values:  0 
CODcens ~ (Intercept) + Sag281_299 + log(A482) + cosDY + sinDY + log(Sag281_299) + log(A497) + A698 + log(Sag239_248) + log(Sag263_293) 

              Term Coefficient StdError pValue StCoef
1      (Intercept)     102.308   13.288  0.000  7.699
2       Sag281_299    -608.622  127.401  0.000 -4.777
3        log(A482)       2.132    0.213  0.000 10.028
4            cosDY       0.882    0.163  0.000  5.411
5            sinDY       0.746    0.121  0.000  6.148
6  log(Sag281_299)      21.105    3.244  0.000  6.505
7        log(A497)      -0.453    0.118  0.000 -3.844
8             A698    -319.158   95.369  0.001 -3.347
9  log(Sag239_248)       1.353    0.446  0.002  3.032
10 log(Sag263_293)      -3.113    1.048  0.002 -2.969
11        logSigma       0.332    0.049  0.000  6.708

Correlation matrix of coefficients: 
                (Intercept) Sag281_299 log(A482)   cosDY   sinDY log(Sag281_299) log(A497)    A698 log(Sag239_248)
(Intercept)          1.0000    -0.9891    0.3261 -0.1524 -0.0239          0.9559   -0.1277 -0.3303         -0.0103
Sag281_299          -0.9891     1.0000   -0.2595  0.1519  0.0283         -0.9764    0.0902  0.3217          0.0416
log(A482)            0.3261    -0.2595    1.0000  0.1621 -0.0887          0.2174   -0.7975 -0.5075         -0.2693
cosDY               -0.1524     0.1519    0.1621  1.0000  0.2535         -0.1979   -0.0334 -0.1838         -0.2170
sinDY               -0.0239     0.0283   -0.0887  0.2535  1.0000         -0.1139    0.0119  0.1125          0.0062
log(Sag281_299)      0.9559    -0.9764    0.2174 -0.1979 -0.1139          1.0000   -0.0775 -0.3121         -0.0272
log(A497)           -0.1277     0.0902   -0.7975 -0.0334  0.0119         -0.0775    1.0000  0.1329          0.0360
A698                -0.3303     0.3217   -0.5075 -0.1838  0.1125         -0.3121    0.1329  1.0000          0.2723
log(Sag239_248)     -0.0103     0.0416   -0.2693 -0.2170  0.0062         -0.0272    0.0360  0.2723          1.0000
log(Sag263_293)     -0.4044     0.4798    0.1674  0.2761  0.3156         -0.6349   -0.0646  0.1131         -0.2726
logSigma             0.0000     0.0000    0.0000  0.0000  0.0000          0.0000    0.0000  0.0000          0.0000
                log(Sag263_293) logSigma
(Intercept)             -0.4044        0
Sag281_299               0.4798        0
log(A482)                0.1674        0
cosDY                    0.2761        0
sinDY                    0.3156        0
log(Sag281_299)         -0.6349        0
log(A497)               -0.0646        0
A698                     0.1131        0
log(Sag239_248)         -0.2726        0
log(Sag263_293)          1.0000        0
logSigma                 0.0000        1
