CODcens  at  General Mitchell Airport Sites @ Milwaukee WI  ( )
Number of observations:  73 
Distribution:  lognormal 
Method:  AMLE 
Degrees of freedom:  11 
RMSE:  0.7129119 
RSQ:  85.35356 
Number of censored values:  0 
CODcens ~ (Intercept) + log(A473) + log(Sag281_299) + Sag473_491 + log(A449) + log(A431) + log(A425) + log(A455) 

             Term Coefficient StdError pValue StCoef
1     (Intercept)      34.092    2.457  0.000 13.876
2       log(A473)       5.376    2.443  0.022  2.201
3 log(Sag281_299)       5.187    0.479  0.000 10.824
4      Sag473_491      12.968    4.351  0.002  2.980
5       log(A449)     -25.265    5.505  0.000 -4.589
6       log(A431)      24.445    6.086  0.000  4.016
7       log(A425)     -14.908    5.147  0.003 -2.897
8       log(A455)      11.616    5.165  0.019  2.249
9        logSigma       0.508    0.083  0.000  6.124

Correlation matrix of coefficients: 
                (Intercept) log(A473) log(Sag281_299) Sag473_491 log(A449) log(A431) log(A425) log(A455) logSigma
(Intercept)          1.0000   -0.4941          0.9684    -0.3674    0.2553    0.1897   -0.3793    0.1361        0
log(A473)           -0.4941    1.0000         -0.4789     0.6814   -0.2267    0.0656    0.3067   -0.6163        0
log(Sag281_299)      0.9684   -0.4789          1.0000    -0.4304    0.3026    0.1813   -0.3708    0.0751        0
Sag473_491          -0.3674    0.6814         -0.4304     1.0000   -0.2939   -0.2333    0.4744   -0.2034        0
log(A449)            0.2553   -0.2267          0.3026    -0.2939    1.0000   -0.3578    0.0611   -0.5993        0
log(A431)            0.1897    0.0656          0.1813    -0.2333   -0.3578    1.0000   -0.8983    0.0665        0
log(A425)           -0.3793    0.3067         -0.3708     0.4744    0.0611   -0.8983    1.0000   -0.1462        0
log(A455)            0.1361   -0.6163          0.0751    -0.2034   -0.5993    0.0665   -0.1462    1.0000        0
logSigma             0.0000    0.0000          0.0000     0.0000    0.0000    0.0000    0.0000    0.0000        1
