CODcens  at  General Mitchell Airport Sites @ Milwaukee WI  ( )
Number of observations:  96 
Distribution:  lognormal 
Method:  AMLE 
Degrees of freedom:  16 
RMSE:  0.5892963 
RSQ:  90.14948 
Number of censored values:  0 
CODcens ~ (Intercept) + Sag281_299 + log(A473) + log(Sag281_299) + sinDY + cosDY + Sag473_491 + A698 + log(Sag263_293) + Sag239_263 

              Term Coefficient StdError pValue StCoef
1      (Intercept)      91.313   12.398  0.000  7.365
2       Sag281_299    -556.326  113.773  0.000 -4.890
3        log(A473)       1.799    0.178  0.000 10.080
4  log(Sag281_299)      21.546    3.083  0.000  6.989
5            sinDY       0.699    0.126  0.000  5.552
6            cosDY       0.993    0.177  0.000  5.616
7       Sag473_491       7.482    2.125  0.000  3.521
8             A698    -371.699  108.875  0.000 -3.414
9  log(Sag263_293)      -4.399    1.456  0.002 -3.021
10      Sag239_263      97.644   46.352  0.028  2.107
11        logSigma       0.347    0.050  0.000  7.000

Correlation matrix of coefficients: 
                (Intercept) Sag281_299 log(A473) log(Sag281_299)   sinDY   cosDY Sag473_491    A698 log(Sag263_293)
(Intercept)          1.0000    -0.9646    0.4447          0.8552 -0.0572  0.0151     0.2260 -0.4283         -0.1371
Sag281_299          -0.9646     1.0000   -0.2556         -0.9495  0.1032  0.0778    -0.1083  0.3296          0.3671
log(A473)            0.4447    -0.2556    1.0000          0.0955 -0.0140  0.4125     0.6036 -0.7285          0.4335
log(Sag281_299)      0.8552    -0.9495    0.0955          1.0000 -0.2271 -0.1997     0.0140 -0.2190         -0.6279
sinDY               -0.0572     0.1032   -0.0140         -0.2271  1.0000  0.3009     0.0827  0.0309          0.3791
cosDY                0.0151     0.0778    0.4125         -0.1997  0.3009  1.0000     0.2066 -0.3721          0.3792
Sag473_491           0.2260    -0.1083    0.6036          0.0140  0.0827  0.2066     1.0000 -0.3318          0.2839
A698                -0.4283     0.3296   -0.7285         -0.2190  0.0309 -0.3721    -0.3318  1.0000         -0.1588
log(Sag263_293)     -0.1371     0.3671    0.4335         -0.6279  0.3791  0.3792     0.2839 -0.1588          1.0000
Sag239_263          -0.3041     0.1457   -0.3124          0.0688 -0.1420 -0.2999    -0.2006  0.3330         -0.5558
logSigma             0.0000     0.0000    0.0000          0.0000  0.0000  0.0000     0.0000  0.0000          0.0000
                Sag239_263 logSigma
(Intercept)        -0.3041        0
Sag281_299          0.1457        0
log(A473)          -0.3124        0
log(Sag281_299)     0.0688        0
sinDY              -0.1420        0
cosDY              -0.2999        0
Sag473_491         -0.2006        0
A698                0.3330        0
log(Sag263_293)    -0.5558        0
Sag239_263          1.0000        0
logSigma            0.0000        1
