CODcens  at  General Mitchell Airport Sites @ Milwaukee WI  ( )
Number of observations:  81 
Distribution:  lognormal 
Method:  AMLE 
Degrees of freedom:  13 
RMSE:  0.530359 
RSQ:  92.68755 
Number of censored values:  0 
CODcens ~ (Intercept) + Sag281_299 + log(A482) + log(Sag281_299) + sinDY + cosDY + log(A497) + log(A476) + log(Sag263_293) + Sag263_293 + A560 + Resids422 

              Term Coefficient StdError pValue StCoef
1      (Intercept)      49.857   15.773  0.001  3.161
2       Sag281_299    -747.408  145.281  0.000 -5.145
3        log(A482)       8.096    1.838  0.000  4.405
4  log(Sag281_299)      25.062    3.866  0.000  6.483
5            sinDY       0.757    0.133  0.000  5.676
6            cosDY       0.749    0.150  0.000  5.008
7        log(A497)      -1.000    0.180  0.000 -5.559
8        log(A476)      -5.846    1.831  0.001 -3.192
9  log(Sag263_293)     -15.767    4.610  0.000 -3.420
10      Sag263_293     675.357  237.460  0.003  2.844
11            A560    -242.906   73.974  0.001 -3.284
12       Resids422    -249.359  110.648  0.016 -2.254
13        logSigma       0.281    0.044  0.000  6.442

Correlation matrix of coefficients: 
                (Intercept) Sag281_299 log(A482) log(Sag281_299)   sinDY   cosDY log(A497) log(A476) log(Sag263_293)
(Intercept)          1.0000    -0.1031   -0.1115          0.0870  0.2025 -0.0578    0.0008    0.1413          0.5936
Sag281_299          -0.1031     1.0000    0.0977         -0.9824  0.2882  0.2087   -0.1364   -0.0935          0.7241
log(A482)           -0.1115     0.0977    1.0000         -0.0683  0.0358  0.0375   -0.7740   -0.9912          0.0017
log(Sag281_299)      0.0870    -0.9824   -0.0683          1.0000 -0.3565 -0.2352    0.1351    0.0592         -0.7484
sinDY                0.2025     0.2882    0.0358         -0.3565  1.0000  0.3597   -0.0933   -0.0375          0.4317
cosDY               -0.0578     0.2087    0.0375         -0.2352  0.3597  1.0000    0.0126   -0.0305          0.1501
log(A497)            0.0008    -0.1364   -0.7740          0.1351 -0.0933  0.0126    1.0000    0.7067         -0.1167
log(A476)            0.1413    -0.0935   -0.9912          0.0592 -0.0375 -0.0305    0.7067    1.0000          0.0210
log(Sag263_293)      0.5936     0.7241    0.0017         -0.7484  0.4317  0.1501   -0.1167    0.0210          1.0000
Sag263_293          -0.6661    -0.6641   -0.0291          0.6556 -0.3733 -0.1037    0.1237    0.0100         -0.9727
A560                 0.0887     0.0506    0.3201         -0.0121 -0.0051  0.0592    0.0011   -0.3788          0.1026
Resids422           -0.0142    -0.1424    0.0898          0.1931 -0.1934  0.1504    0.1977   -0.0952         -0.1697
logSigma             0.0000     0.0000    0.0000          0.0000  0.0000  0.0000    0.0000    0.0000          0.0000
                Sag263_293    A560 Resids422 logSigma
(Intercept)        -0.6661  0.0887   -0.0142        0
Sag281_299         -0.6641  0.0506   -0.1424        0
log(A482)          -0.0291  0.3201    0.0898        0
log(Sag281_299)     0.6556 -0.0121    0.1931        0
sinDY              -0.3733 -0.0051   -0.1934        0
cosDY              -0.1037  0.0592    0.1504        0
log(A497)           0.1237  0.0011    0.1977        0
log(A476)           0.0100 -0.3788   -0.0952        0
log(Sag263_293)    -0.9727  0.1026   -0.1697        0
Sag263_293          1.0000 -0.0970    0.1480        0
A560               -0.0970  1.0000    0.5893        0
Resids422           0.1480  0.5893    1.0000        0
logSigma            0.0000  0.0000    0.0000        1
