CODcens  at  General Mitchell Airport Sites @ Milwaukee WI  ( )
Number of observations:  96 
Distribution:  lognormal 
Method:  AMLE 
Degrees of freedom:  16 
RMSE:  0.6916069 
RSQ:  86.11664 
Number of censored values:  0 
CODcens ~ (Intercept) + Sag281_299 + log(A473) + log(Sag281_299) + log(Sag263_293) + Sag263_293 + A560 + A599 

             Term Coefficient StdError pValue StCoef
1     (Intercept)     -48.246   28.803  0.083 -1.675
2      Sag281_299   -1187.518  164.195  0.000 -7.232
3       log(A473)       1.375    0.155  0.000  8.886
4 log(Sag281_299)      36.529    4.061  0.000  8.995
5 log(Sag263_293)     -45.920    7.001  0.000 -6.559
6      Sag263_293    2437.205  431.757  0.000  5.645
7            A560    -816.812  284.532  0.003 -2.871
8            A599     821.909  348.605  0.015  2.358
9        logSigma       0.478    0.068  0.000  7.000

Correlation matrix of coefficients: 
                (Intercept) Sag281_299 log(A473) log(Sag281_299) log(Sag263_293) Sag263_293    A560    A599 logSigma
(Intercept)          1.0000     0.1600    0.0480         -0.0552          0.8309    -0.8780  0.5992 -0.5760        0
Sag281_299           0.1600     1.0000   -0.1828         -0.9765          0.6713    -0.6064  0.0888 -0.0354        0
log(A473)            0.0480    -0.1828    1.0000          0.1314         -0.0560     0.0885 -0.0474 -0.0897        0
log(Sag281_299)     -0.0552    -0.9765    0.1314          1.0000         -0.6007     0.5027 -0.0425 -0.0109        0
log(Sag263_293)      0.8309     0.6713   -0.0560         -0.6007          1.0000    -0.9818  0.5126 -0.4596        0
Sag263_293          -0.8780    -0.6064    0.0885          0.5027         -0.9818     1.0000 -0.4996  0.4562        0
A560                 0.5992     0.0888   -0.0474         -0.0425          0.5126    -0.4996  1.0000 -0.9787        0
A599                -0.5760    -0.0354   -0.0897         -0.0109         -0.4596     0.4562 -0.9787  1.0000        0
logSigma             0.0000     0.0000    0.0000          0.0000          0.0000     0.0000  0.0000  0.0000        1
