CODcens  at  General Mitchell Airport Sites @ Milwaukee WI  ( )
Number of observations:  79 
Distribution:  lognormal 
Method:  AMLE 
Degrees of freedom:  12 
RMSE:  0.3644049 
RSQ:  97.17636 
Number of censored values:  0 
CODcens ~ (Intercept) + Sag281_299 + log(Sag281_299) + log(Sag263_281) + log(Sag239_248) + log(A491) + A581 + A527 + A626 + A521 + A515 + log(A476) + log(A473) + A542 + A680 + A674 + A479 + A644 + Resids630 + log(A452) + A587 + A695 

              Term Coefficient StdError pValue StCoef
1      (Intercept)      92.027    9.969  0.000  9.231
2       Sag281_299    -486.364   83.682  0.000 -5.812
3  log(Sag281_299)      18.256    2.045  0.000  8.927
4  log(Sag263_281)      -2.929    0.447  0.000 -6.554
5  log(Sag239_248)       1.694    0.376  0.000  4.504
6        log(A491)      -2.036    0.330  0.000 -6.173
7             A581   -3968.635  597.833  0.000 -6.638
8             A527    1210.771  336.800  0.000  3.595
9             A626    1988.748  397.605  0.000  5.002
10            A521   -1142.786  290.149  0.000 -3.939
11            A515    1135.715  279.483  0.000  4.064
12       log(A476)      -2.047    0.969  0.015 -2.112
13       log(A473)       8.634    1.634  0.000  5.284
14            A542     943.510  250.411  0.000  3.768
15            A680    2111.498  369.534  0.000  5.714
16            A674   -1765.820  384.052  0.000 -4.598
17            A479    -623.348  159.154  0.000 -3.917
18            A644   -3002.132  602.270  0.000 -4.985
19       Resids630     418.147  140.874  0.001  2.968
20       log(A452)      -2.760    0.995  0.002 -2.774
21            A587    2197.940  871.374  0.004  2.522
22            A695     575.337  287.319  0.020  2.002
23        logSigma       0.133    0.021  0.000  6.364

Correlation matrix of coefficients: 
                (Intercept) Sag281_299 log(Sag281_299) log(Sag263_281) log(Sag239_248) log(A491)    A581    A527
(Intercept)          1.0000    -0.9579          0.9613          0.0918         -0.0020    0.2217 -0.0539 -0.2436
Sag281_299          -0.9579     1.0000         -0.9872          0.0362          0.1710   -0.1759  0.0282  0.2390
log(Sag281_299)      0.9613    -0.9872          1.0000         -0.0982         -0.1427    0.1757 -0.0383 -0.2402
log(Sag263_281)      0.0918     0.0362         -0.0982          1.0000         -0.2050    0.0846 -0.0648 -0.1077
log(Sag239_248)     -0.0020     0.1710         -0.1427         -0.2050          1.0000    0.1899 -0.0067  0.2549
log(A491)            0.2217    -0.1759          0.1757          0.0846          0.1899    1.0000 -0.0114 -0.0495
A581                -0.0539     0.0282         -0.0383         -0.0648         -0.0067   -0.0114  1.0000  0.0396
A527                -0.2436     0.2390         -0.2402         -0.1077          0.2549   -0.0495  0.0396  1.0000
A626                 0.0199    -0.0053         -0.0393          0.2274          0.0676   -0.0094  0.0444  0.1239
A521                 0.1025    -0.1141          0.1070          0.1506         -0.2398   -0.1887  0.0117 -0.6176
A515                 0.2122    -0.2250          0.2016          0.1329         -0.1843    0.2077  0.0637 -0.1780
log(A476)            0.2067    -0.2071          0.2396         -0.0559         -0.1099    0.3223  0.0985 -0.1537
log(A473)           -0.2878     0.2148         -0.2360         -0.0392         -0.2290   -0.8321 -0.0410  0.0545
A542                 0.0563    -0.1235          0.0545          0.1336         -0.1662   -0.2027 -0.1296 -0.2528
A680                 0.0790    -0.0356          0.0379          0.1517         -0.0776   -0.0736  0.0522 -0.2372
A674                -0.2504     0.2089         -0.2106         -0.1490          0.0688   -0.0998  0.1054  0.3487
A479                -0.2714     0.2676         -0.2348         -0.2918          0.2449    0.0967 -0.0893  0.1849
A644                -0.4028     0.3074         -0.3385         -0.2431          0.0123   -0.0485 -0.0037  0.3026
Resids630            0.3443    -0.3409          0.3007          0.3179         -0.2230    0.1132  0.0104 -0.3438
log(A452)            0.2821    -0.1372          0.1453          0.1266          0.4947    0.7530 -0.0368  0.0451
A587                 0.2699    -0.1825          0.2466          0.0713         -0.0181    0.0854 -0.7339 -0.3137
A695                 0.2912    -0.2345          0.2592         -0.0112          0.1450    0.2863 -0.0716 -0.2901
logSigma             0.0000     0.0000          0.0000          0.0000          0.0000    0.0000  0.0000  0.0000
                   A626    A521    A515 log(A476) log(A473)    A542    A680    A674    A479    A644 Resids630
(Intercept)      0.0199  0.1025  0.2122    0.2067   -0.2878  0.0563  0.0790 -0.2504 -0.2714 -0.4028    0.3443
Sag281_299      -0.0053 -0.1141 -0.2250   -0.2071    0.2148 -0.1235 -0.0356  0.2089  0.2676  0.3074   -0.3409
log(Sag281_299) -0.0393  0.1070  0.2016    0.2396   -0.2360  0.0545  0.0379 -0.2106 -0.2348 -0.3385    0.3007
log(Sag263_281)  0.2274  0.1506  0.1329   -0.0559   -0.0392  0.1336  0.1517 -0.1490 -0.2918 -0.2431    0.3179
log(Sag239_248)  0.0676 -0.2398 -0.1843   -0.1099   -0.2290 -0.1662 -0.0776  0.0688  0.2449  0.0123   -0.2230
log(A491)       -0.0094 -0.1887  0.2077    0.3223   -0.8321 -0.2027 -0.0736 -0.0998  0.0967 -0.0485    0.1132
A581             0.0444  0.0117  0.0637    0.0985   -0.0410 -0.1296  0.0522  0.1054 -0.0893 -0.0037    0.0104
A527             0.1239 -0.6176 -0.1780   -0.1537    0.0545 -0.2528 -0.2372  0.3487  0.1849  0.3026   -0.3438
A626             1.0000  0.2074 -0.2733   -0.1034    0.0313 -0.0536  0.1467 -0.1508 -0.0131 -0.5012    0.0517
A521             0.2074  1.0000 -0.2925   -0.0622    0.2076  0.0589 -0.0282 -0.1193 -0.2374 -0.2313    0.0018
A515            -0.2733 -0.2925  1.0000    0.0896   -0.2076  0.2749  0.0683 -0.1538 -0.7137 -0.0476    0.3380
log(A476)       -0.1034 -0.0622  0.0896    1.0000   -0.7020 -0.2295 -0.1023 -0.1718  0.0548 -0.2492    0.0577
log(A473)        0.0313  0.2076 -0.2076   -0.7020    1.0000  0.3134  0.1251  0.1245 -0.0885  0.1456   -0.0869
A542            -0.0536  0.0589  0.2749   -0.2295    0.3134  1.0000  0.1294 -0.1763 -0.3230  0.2166    0.3208
A680             0.1467 -0.0282  0.0683   -0.1023    0.1251  0.1294  1.0000 -0.6016  0.0200 -0.3046    0.2328
A674            -0.1508 -0.1193 -0.1538   -0.1718    0.1245 -0.1763 -0.6016  1.0000  0.1690  0.2893   -0.1039
A479            -0.0131 -0.2374 -0.7137    0.0548   -0.0885 -0.3230  0.0200  0.1690  1.0000  0.1937   -0.2622
A644            -0.5012 -0.2313 -0.0476   -0.2492    0.1456  0.2166 -0.3046  0.2893  0.1937  1.0000   -0.2927
Resids630        0.0517  0.0018  0.3380    0.0577   -0.0869  0.3208  0.2328 -0.1039 -0.2622 -0.2927    1.0000
log(A452)        0.0544 -0.2225  0.2072    0.0736   -0.7364 -0.2499 -0.0458 -0.0438  0.0385 -0.0303    0.0747
A587            -0.1532  0.1239 -0.0348    0.2296   -0.1580 -0.2881  0.0232 -0.2402  0.0616 -0.4046    0.0303
A695             0.0074  0.0155  0.1951    0.3777   -0.3929  0.0991 -0.0902 -0.4102 -0.0933 -0.4441    0.2125
logSigma         0.0000  0.0000  0.0000    0.0000    0.0000  0.0000  0.0000  0.0000  0.0000  0.0000    0.0000
                log(A452)    A587    A695 logSigma
(Intercept)        0.2821  0.2699  0.2912        0
Sag281_299        -0.1372 -0.1825 -0.2345        0
log(Sag281_299)    0.1453  0.2466  0.2592        0
log(Sag263_281)    0.1266  0.0713 -0.0112        0
log(Sag239_248)    0.4947 -0.0181  0.1450        0
log(A491)          0.7530  0.0854  0.2863        0
A581              -0.0368 -0.7339 -0.0716        0
A527               0.0451 -0.3137 -0.2901        0
A626               0.0544 -0.1532  0.0074        0
A521              -0.2225  0.1239  0.0155        0
A515               0.2072 -0.0348  0.1951        0
log(A476)          0.0736  0.2296  0.3777        0
log(A473)         -0.7364 -0.1580 -0.3929        0
A542              -0.2499 -0.2881  0.0991        0
A680              -0.0458  0.0232 -0.0902        0
A674              -0.0438 -0.2402 -0.4102        0
A479               0.0385  0.0616 -0.0933        0
A644              -0.0303 -0.4046 -0.4441        0
Resids630          0.0747  0.0303  0.2125        0
log(A452)          1.0000  0.0530  0.2223        0
A587               0.0530  1.0000  0.2617        0
A695               0.2223  0.2617  1.0000        0
logSigma           0.0000  0.0000  0.0000        1
