CODcens  at  General Mitchell Airport Sites @ Milwaukee WI  ( )
Number of observations:  81 
Distribution:  lognormal 
Method:  AMLE 
Degrees of freedom:  13 
RMSE:  0.7847585 
RSQ:  83.67036 
Number of censored values:  0 
CODcens ~ (Intercept) + Sag281_299 + log(A473) + log(Sag239_248) + Sag473_491 + log(Sag281_299) + log(Sag263_281) + Resids490 + Sag239_248 + Sag248_263 

              Term Coefficient StdError pValue StCoef
1      (Intercept)     128.057   22.680  0.000  5.646
2       Sag281_299    -342.399  166.724  0.031 -2.054
3        log(A473)       1.622    0.184  0.000  8.816
4  log(Sag239_248)      13.634    3.603  0.000  3.784
5       Sag473_491       7.677    2.760  0.004  2.782
6  log(Sag281_299)      15.900    4.098  0.000  3.880
7  log(Sag263_281)      -5.032    1.051  0.000 -4.789
8        Resids490     440.742  118.619  0.000  3.716
9       Sag239_248    -669.354  190.472  0.000 -3.514
10      Sag248_263     140.254   54.643  0.007  2.567
11        logSigma       0.616    0.096  0.000  6.442

Correlation matrix of coefficients: 
                (Intercept) Sag281_299 log(A473) log(Sag239_248) Sag473_491 log(Sag281_299) log(Sag263_281) Resids490
(Intercept)          1.0000    -0.6633    0.3635          0.6036     0.0494          0.6952         -0.4048    0.1336
Sag281_299          -0.6633     1.0000   -0.2529          0.1733    -0.0456         -0.9876          0.3597    0.0136
log(A473)            0.3635    -0.2529    1.0000          0.0742     0.5378          0.2760          0.1366    0.1325
log(Sag239_248)      0.6036     0.1733    0.0742          1.0000    -0.0424         -0.1203         -0.3040    0.2732
Sag473_491           0.0494    -0.0456    0.5378         -0.0424     1.0000          0.0386          0.1429    0.0606
log(Sag281_299)      0.6952    -0.9876    0.2760         -0.1203     0.0386          1.0000         -0.4463    0.0061
log(Sag263_281)     -0.4048     0.3597    0.1366         -0.3040     0.1429         -0.4463          1.0000   -0.4698
Resids490            0.1336     0.0136    0.1325          0.2732     0.0606          0.0061         -0.4698    1.0000
Sag239_248          -0.6446    -0.1047   -0.1245         -0.9766     0.0647          0.0377          0.3828   -0.3388
Sag248_263           0.4418     0.0050    0.2280          0.6091    -0.0808          0.1014         -0.5644    0.3782
logSigma             0.0000     0.0000    0.0000          0.0000     0.0000          0.0000          0.0000    0.0000
                Sag239_248 Sag248_263 logSigma
(Intercept)        -0.6446     0.4418        0
Sag281_299         -0.1047     0.0050        0
log(A473)          -0.1245     0.2280        0
log(Sag239_248)    -0.9766     0.6091        0
Sag473_491          0.0647    -0.0808        0
log(Sag281_299)     0.0377     0.1014        0
log(Sag263_281)     0.3828    -0.5644        0
Resids490          -0.3388     0.3782        0
Sag239_248          1.0000    -0.7238        0
Sag248_263         -0.7238     1.0000        0
logSigma            0.0000     0.0000        1
